
==========================================================================================
  ENTRANDO EN MODO CURVA  —  fused=+9.5°  threshold=5.0°
==========================================================================================
 timestamp     slide     slope      prev     fused    PWM   curva   w_sld   w_slp   w_prv
------------------------------------------------------------------------------------------
  19:37:43     +23.2      +0.4      +1.3      +9.5   2883    0.26    0.39    0.34    0.27
  19:37:43     +24.2      +3.9      +9.5      +9.2   2874    1.00    0.15    0.45    0.40
  19:37:43     +24.0      +7.0      +9.2     +10.4   2905    1.00    0.15    0.45    0.40
  19:37:43     +25.5      +9.5     +10.4     +11.8   2941    1.00    0.12    0.46    0.42
  19:37:44     +27.1     +12.0     +11.8     +13.8   2990    1.00    0.12    0.46    0.42
  19:37:44     +28.1     +13.8     +13.8     +15.5   3035    1.00    0.12    0.46    0.42
  19:37:44     +29.2     +15.1     +15.5     +17.0   3072    1.00    0.12    0.46    0.42
  19:37:44     +29.4     +16.5     +17.0     +18.3   3105    1.00    0.12    0.46    0.42
  19:37:44     +29.9     +17.5     +18.3     +19.3   3132    1.00    0.12    0.46    0.42
  19:37:45     +30.8     +18.6     +19.3     +20.4   3158    1.00    0.12    0.46    0.42
  19:37:45     +33.9     +19.2     +20.4     +21.5   3186    1.00    0.12    0.46    0.42
  19:37:45     +36.9     +19.7     +21.5     +22.5   3213    1.00    0.12    0.46    0.42
  19:37:45     +28.8     +20.8     +22.5     +22.5   3212    1.00    0.12    0.46    0.42
  19:37:46     -20.2     +20.7     +22.5     +16.5   3060    1.00    0.12    0.46    0.42
  19:37:46     -20.1     +21.6     +16.5     +13.3   2979    1.00    0.15    0.45    0.40
  19:37:46     -12.6     +21.1     +13.3     +12.9   2969    1.00    0.15    0.45    0.40
  19:37:46      +0.0     +21.6     +12.9     +17.5   3086    1.00    0.00    0.53    0.47
  19:37:47      +0.0      -4.4     +17.5      +5.9   2791    1.00    0.00    0.53    0.47
  19:37:47      +0.0     +12.4      +5.9      +9.4   2879    1.00    0.00    0.53    0.47
  19:37:47      +0.0     +13.0      +9.4     +11.3   2928    1.00    0.00    0.53    0.47
  19:37:47     -10.6     +11.3     +11.3      +8.7   2861    1.00    0.12    0.46    0.42
  19:37:47      +0.0     +10.3      +8.7      +9.5   2883    1.00    0.00    0.52    0.48
  19:37:48      +0.0      +8.8      +9.5      +9.1   2873    1.00    0.00    0.52    0.48
  19:37:48      +2.3      +8.0      +9.1      +7.8   2839    1.00    0.12    0.46    0.42
  19:37:48      +5.1      +7.6      +7.8      +7.4   2829    1.00    0.12    0.46    0.42
  19:37:48      +0.0      +8.3      +7.4      +7.8   2840    1.00    0.00    0.52    0.48
  19:37:49      +0.0      +9.0      +7.8      +8.4   2856    1.00    0.00    0.52    0.48
  19:37:49      +0.0     +10.3      +8.4      +9.4   2881    1.00    0.00    0.52    0.48
  19:37:49      +0.0     +25.0      +9.4     +17.7   3090    1.00    0.00    0.53    0.47
  19:37:49      +0.0      +0.0     +17.7     +17.7   2642    0.00    0.00    0.00    1.00
  19:37:49      +0.0      +0.0     +17.7     +17.7   2642    0.00    0.00    0.00    1.00
  19:37:50      +0.0      -0.4     +17.7      +8.1   2848    1.00    0.00    0.53    0.47
------------------------------------------------------------------------------------------
  SALIENDO DE MODO CURVA  — guardando últimas líneas
  19:37:50      +0.0      +0.2      +8.1      +3.9   2741    1.00    0.00    0.53    0.47
  19:37:50      +0.0      +3.2      +3.9      +3.5   2730    0.78    0.00    0.53    0.47

==========================================================================================
  ENTRANDO EN MODO CURVA  —  fused=+5.4°  threshold=5.0°
==========================================================================================
 timestamp     slide     slope      prev     fused    PWM   curva   w_sld   w_slp   w_prv
------------------------------------------------------------------------------------------
  19:37:50      +0.0      +7.0      +3.5      +5.4   2778    0.70    0.00    0.55    0.45
  19:37:51      +0.0      +9.8      +5.4      +7.7   2837    1.00    0.00    0.53    0.47
  19:37:51      +0.0     +13.8      +7.7     +10.9   2918    1.00    0.00    0.53    0.47
  19:37:51      +0.0     +15.4     +10.9     +13.3   2978    1.00    0.00    0.53    0.47
  19:37:51      +0.0     +13.1     +13.3     +13.2   2976    1.00    0.00    0.52    0.48
  19:37:52      +0.0      +0.0     +13.2     +13.2   2642    0.00    0.00    0.00    1.00
  19:37:52      +0.0      +7.6     +13.2     +10.2   2901    1.00    0.00    0.53    0.47
  19:37:52      +0.0      +0.0     +10.2     +10.2   2642    0.00    0.00    0.00    1.00
  19:37:52      +0.0      +0.0     +10.2     +10.2   2642    0.00    0.00    0.00    1.00
  19:37:52      +0.0      +0.0     +10.2     +10.2   2642    0.00    0.00    0.00    1.00
------------------------------------------------------------------------------------------
  SALIENDO DE MODO CURVA  — guardando últimas líneas
  19:37:53      +0.0      -6.3     +10.2      +1.5   2679    1.00    0.00    0.53    0.47
  19:37:53      +0.0      -3.0      +1.5      -1.1   2599    0.30    0.00    0.58    0.42
  19:37:53      +0.0      -2.8      -1.1      -2.1   2560    0.22    0.00    0.57    0.43
  19:37:53      +0.0      -2.1      -2.1      -2.1   2559    0.42    0.00    0.55    0.45
  19:37:53      +0.0      -1.5      -2.1      -1.8   2573    0.42    0.00    0.55    0.45
  19:37:53      +0.0      -7.0      -1.8      -4.8   2455    0.35    0.00    0.57    0.43

==========================================================================================
  ENTRANDO EN MODO CURVA  —  fused=-5.9°  threshold=5.0°
==========================================================================================
 timestamp     slide     slope      prev     fused    PWM   curva   w_sld   w_slp   w_prv
------------------------------------------------------------------------------------------
  19:37:54      +0.0      -6.8      -4.8      -5.9   2413    0.96    0.00    0.53    0.47
  19:37:54      +0.0      -6.2      -5.9      -6.1   2406    1.00    0.00    0.52    0.48

==========================================================================================
  ENTRANDO EN MODO CURVA  —  fused=-6.6°  threshold=5.0°
==========================================================================================
 timestamp     slide     slope      prev     fused    PWM   curva   w_sld   w_slp   w_prv
------------------------------------------------------------------------------------------
  09:48:11     -16.9      -1.2      -2.2      -6.6   2385    0.44    0.32    0.37    0.31
  09:48:12     -17.1      -1.6      -6.6      -5.9   2411    1.00    0.15    0.45    0.40
  09:48:12     -17.7      -2.1      -5.9      -6.0   2408    1.00    0.15    0.45    0.40
  09:48:12     -18.3      -2.9      -6.0      -6.4   2391    1.00    0.15    0.45    0.40
  09:48:12     -19.1      -3.6      -6.4      -7.1   2367    1.00    0.15    0.45    0.40
  09:48:13     -19.2      -3.8      -7.1      -7.4   2354    1.00    0.15    0.45    0.40
  09:48:13     -19.5      -4.8      -7.4      -8.0   2329    1.00    0.15    0.45    0.40
  09:48:13     -19.7      -5.8      -8.0      -8.8   2300    1.00    0.15    0.45    0.40
  09:48:13     -18.2      -6.7      -8.8      -9.3   2281    1.00    0.15    0.45    0.40
  09:48:13     -18.8      -8.3      -9.3     -10.0   2253    1.00    0.12    0.46    0.42
  09:48:14     -15.8      -8.7     -10.0     -10.1   2248    1.00    0.12    0.46    0.42
  09:48:14     -20.2      -9.3     -10.1     -11.0   2214    1.00    0.12    0.46    0.42
  09:48:14      +0.0     -10.5     -11.0     -10.7   2225    1.00    0.00    0.52    0.48
  09:48:14      +0.0     -10.2     -10.7     -10.5   2234    1.00    0.00    0.52    0.48
  09:48:15      +0.0      -9.7     -10.5     -10.1   2249    1.00    0.00    0.52    0.48
  09:48:15      +0.0     -10.6     -10.1     -10.4   2238    1.00    0.00    0.52    0.48
  09:48:15      +0.0      -7.6     -10.4      -8.9   2296    1.00    0.00    0.53    0.47
  09:48:15      +0.0     -10.9      -8.9      -9.9   2254    1.00    0.00    0.53    0.47
  09:48:15      +0.0     -11.8      -9.9     -10.9   2218    1.00    0.00    0.52    0.48
  09:48:16     -25.7     -13.3     -10.9     -14.2   2088    1.00    0.15    0.45    0.40
  09:48:16     +30.1     -16.3     -14.2      -8.5   2310    1.00    0.15    0.45    0.40
  09:48:16     +27.5     -16.4      -8.5      -6.7   2382    1.00    0.15    0.45    0.40
  09:48:16      +0.0     -15.8      -6.7     -11.5   2195    1.00    0.00    0.53    0.47
  09:48:17     +24.9     -15.6     -11.5      -7.9   2334    1.00    0.15    0.45    0.40
  09:48:17     -24.7     -15.4      -7.9     -13.8   2106    1.00    0.15    0.45    0.40
  09:48:17     -26.5     -16.2     -13.8     -16.8   1989    1.00    0.15    0.45    0.40
  09:48:17      +0.0     -16.5     -16.8     -16.6   1995    1.00    0.00    0.52    0.48
  09:48:17      +0.0     -14.8     -16.6     -15.6   2033    1.00    0.00    0.52    0.48
  09:48:18      +0.0     -13.3     -15.6     -14.4   2081    1.00    0.00    0.53    0.47
  09:48:18      +0.0     -13.6     -14.4     -14.0   2098    1.00    0.00    0.52    0.48
  09:48:18      +0.0     -13.2     -14.0     -13.5   2115    1.00    0.00    0.52    0.48
  09:48:18      +0.0     -14.4     -13.5     -14.0   2097    1.00    0.00    0.52    0.48
  09:48:19     -19.1     -15.2     -14.0     -15.2   2051    1.00    0.12    0.46    0.42
  09:48:19     -20.0     -15.1     -15.2     -15.7   2029    1.00    0.12    0.46    0.42
  09:48:19      +0.0     -14.5     -15.7     -15.1   2053    1.00    0.00    0.52    0.48
  09:48:19      +0.0     -14.1     -15.1     -14.6   2074    1.00    0.00    0.52    0.48
  09:48:20      +0.0     -13.8     -14.6     -14.2   2090    1.00    0.00    0.52    0.48
  09:48:20      +0.0     -13.8     -14.2     -14.0   2098    1.00    0.00    0.52    0.48
  09:48:20      +0.0     -13.6     -14.0     -13.8   2105    1.00    0.00    0.52    0.48
  09:48:20      +0.0     -12.7     -13.8     -13.2   2128    1.00    0.00    0.52    0.48
  09:48:20      +0.0     -14.1     -13.2     -13.7   2110    1.00    0.00    0.52    0.48
  09:48:21      +0.0      -8.5     -13.7     -10.9   2217    1.00    0.00    0.53    0.47
  09:48:21      +0.0     -12.8     -10.9     -11.9   2178    1.00    0.00    0.52    0.48
  09:48:21      +0.0     -13.8     -11.9     -12.9   2140    1.00    0.00    0.52    0.48
  09:48:21     +23.7     -13.7     -12.9      -8.9   2297    1.00    0.12    0.46    0.42
  09:48:22      +0.0     -13.4      -8.9     -11.3   2203    1.00    0.00    0.53    0.47
  09:48:22      +0.0     -12.6     -11.3     -12.0   2176    1.00    0.00    0.52    0.48
  09:48:22      +0.0     -10.4     -12.0     -11.2   2207    1.00    0.00    0.52    0.48
  09:48:22      +0.0     -10.3     -11.2     -10.7   2224    1.00    0.00    0.52    0.48
  09:48:23      +0.0     -10.5     -10.7     -10.6   2229    1.00    0.00    0.52    0.48
  09:48:23      +0.0     -10.3     -10.6     -10.5   2235    1.00    0.00    0.52    0.48
  09:48:23      +0.0      -9.9     -10.5     -10.2   2246    1.00    0.00    0.52    0.48
  09:48:23      +0.0     -10.8     -10.2     -10.5   2233    1.00    0.00    0.52    0.48
  09:48:23      +0.0      -8.8     -10.5      -9.6   2267    1.00    0.00    0.52    0.48
  09:48:24      +0.0      -7.8      -9.6      -8.7   2303    1.00    0.00    0.52    0.48
  09:48:24      +0.0      -7.4      -8.7      -8.0   2331    1.00    0.00    0.52    0.48
  09:48:24      +0.0      -6.9      -8.0      -7.4   2352    1.00    0.00    0.52    0.48
  09:48:24      -2.1      -7.2      -7.4      -6.7   2382    1.00    0.12    0.46    0.42
  09:48:24      +2.9      -7.6      -6.7      -5.9   2411    1.00    0.12    0.46    0.42
  09:48:25      +3.0      -7.5      -5.9      -5.6   2424    1.00    0.12    0.46    0.42
------------------------------------------------------------------------------------------
  SALIENDO DE MODO CURVA  — guardando últimas líneas
  09:48:25      +1.0      -5.7      -5.6      -4.8   2454    1.00    0.12    0.46    0.42
  09:48:25      +2.0      -5.4      -3.1      -2.3   2550    0.63    0.32    0.38    0.31
  09:48:25      +0.8      -5.4      -1.5      -1.6   2578    0.30    0.46    0.31    0.23
  09:48:26      -3.3      -5.6      -1.1      -3.5   2504    0.21    0.50    0.29    0.20
  09:48:26      +1.3      -5.7      -2.3      -2.1   2561    0.46    0.39    0.34    0.26
  09:48:26      -0.3      -5.5      -1.3      -1.9   2569    0.27    0.48    0.24    0.27
  09:48:26      -2.5      -5.7      -1.2      -2.9   2528    0.24    0.49    0.24    0.27
  09:48:27      +1.0      -6.0      -1.9      -2.0   2565    0.38    0.43    0.33    0.24
  09:48:27      -2.9      -7.1      -1.3      -3.5   2506    0.25    0.49    0.24    0.27
  09:48:27      +1.8      -7.6      -2.3      -2.5   2546    0.45    0.40    0.34    0.26
==========================================================================================


==========================================================================================
  ENTRANDO EN MODO CURVA  —  fused=-7.3°  threshold=5.0°
==========================================================================================
 timestamp     slide     slope      prev     fused    PWM   curva   w_sld   w_slp   w_prv
------------------------------------------------------------------------------------------
  09:48:46     -15.7      -3.8      -1.9      -7.3   2355    0.38    0.34    0.36    0.30
  09:48:46      -5.2      -4.3      -7.3      -5.5   2428    1.00    0.22    0.46    0.32
  09:48:46     -16.7      -4.0      -5.5      -6.2   2401    1.00    0.12    0.46    0.42
  09:48:46     -17.8      -4.0      -6.2      -7.0   2371    1.00    0.15    0.45    0.40
  09:48:46     -18.1      -3.6      -7.0      -7.1   2365    1.00    0.15    0.45    0.40
  09:48:47     -18.8      -4.2      -7.1      -7.5   2348    1.00    0.15    0.45    0.40
  09:48:47     -19.1      -4.2      -7.5      -7.8   2338    1.00    0.15    0.45    0.40
  09:48:47     -20.4      -4.2      -7.8      -8.1   2328    1.00    0.15    0.45    0.40
  09:48:47     -21.5      -4.5      -8.1      -8.5   2312    1.00    0.15    0.45    0.40
  09:48:48     -20.6      -4.5      -8.5      -8.5   2310    1.00    0.15    0.45    0.40
  09:48:48     -21.2      -4.6      -8.5      -8.7   2304    1.00    0.15    0.45    0.40
  09:48:48      +0.0      -6.2      -8.7      -7.4   2354    1.00    0.00    0.53    0.47
  09:48:48      +0.0      -6.8      -7.4      -7.1   2366    1.00    0.00    0.52    0.48
  09:48:48     -19.5      -8.5      -7.1      -9.2   2283    1.00    0.12    0.46    0.42
  09:48:49     -19.3      -9.6      -9.2     -10.6   2229    1.00    0.12    0.46    0.42
  09:48:49      +0.0      -8.2     -10.6      -9.3   2279    1.00    0.00    0.53    0.47
  09:48:49      +0.0      -8.7      -9.3      -9.0   2291    1.00    0.00    0.52    0.48
  09:48:49      +0.0      -8.5      -9.0      -8.8   2300    1.00    0.00    0.52    0.48
  09:48:50      +0.0      -8.1      -8.8      -8.4   2314    1.00    0.00    0.52    0.48
  09:48:50      +0.0      -9.7      -8.4      -9.1   2289    1.00    0.00    0.52    0.48
  09:48:50      +0.0      -7.6      -9.1      -8.3   2319    1.00    0.00    0.52    0.48
  09:48:50      +0.0      -9.5      -8.3      -8.9   2294    1.00    0.00    0.52    0.48
  09:48:50      +0.0     -12.5      -8.9     -10.8   2221    1.00    0.00    0.53    0.47
  09:48:51      +0.0     -10.8     -10.8     -10.8   2220    1.00    0.00    0.52    0.48
  09:48:51      +0.0     -10.2     -10.8     -10.5   2234    1.00    0.00    0.52    0.48
  09:48:51      +0.0     -13.3     -10.5     -12.0   2176    1.00    0.00    0.53    0.47
  09:48:51     -23.4     -13.8     -12.0     -14.2   2089    1.00    0.12    0.46    0.42
  09:48:52      +0.0     -12.4     -14.2     -13.2   2127    1.00    0.00    0.52    0.48
  09:48:52      +0.0     -12.1     -13.2     -12.6   2150    1.00    0.00    0.52    0.48
  09:48:52      +0.0     -13.7     -12.6     -13.2   2128    1.00    0.00    0.52    0.48
  09:48:52      +0.0     -14.2     -13.2     -13.7   2107    1.00    0.00    0.52    0.48
  09:48:52      +0.0     -12.9     -13.7     -13.3   2123    1.00    0.00    0.52    0.48
  09:48:53      +0.0     -11.9     -13.3     -12.6   2152    1.00    0.00    0.52    0.48
  09:48:53      +0.0     -12.1     -12.6     -12.3   2162    1.00    0.00    0.52    0.48
  09:48:53      +0.0     -11.6     -12.3     -11.9   2177    1.00    0.00    0.52    0.48
  09:48:53      +0.0     -11.8     -11.9     -11.8   2180    1.00    0.00    0.52    0.48
  09:48:53      +0.0     -11.6     -11.8     -11.7   2185    1.00    0.00    0.52    0.48
  09:48:54      +0.0     -11.6     -11.7     -11.7   2188    1.00    0.00    0.52    0.48
  09:48:54      +0.0     -11.6     -11.7     -11.6   2188    1.00    0.00    0.52    0.48
  09:48:54      +0.0     -11.4     -11.6     -11.5   2192    1.00    0.00    0.52    0.48
  09:48:54      +0.0     -11.0     -11.5     -11.2   2204    1.00    0.00    0.52    0.48
  09:48:55      +0.0      -9.8     -11.2     -10.5   2234    1.00    0.00    0.52    0.48
  09:48:55      +0.0     -10.0     -10.5     -10.3   2242    1.00    0.00    0.52    0.48
  09:48:55      +0.0     -10.5     -10.3     -10.4   2237    1.00    0.00    0.52    0.48
  09:48:55      +0.0      -8.5     -10.4      -9.4   2275    1.00    0.00    0.52    0.48
  09:48:56      +0.0     -10.7      -9.4     -10.1   2248    1.00    0.00    0.52    0.48
  09:48:56      +0.0     -11.7     -10.1     -10.9   2215    1.00    0.00    0.52    0.48
  09:48:56      +0.0     -12.2     -10.9     -11.6   2190    1.00    0.00    0.52    0.48
  09:48:56      +0.0     -10.6     -11.6     -11.1   2211    1.00    0.00    0.52    0.48
  09:48:56      +0.0     -10.6     -11.1     -10.8   2221    1.00    0.00    0.52    0.48
  09:48:57      +0.0      -9.7     -10.8     -10.2   2243    1.00    0.00    0.52    0.48
  09:48:57      +0.0      -8.8     -10.2      -9.5   2272    1.00    0.00    0.52    0.48
  09:48:57      +0.0      -8.4      -9.5      -8.9   2295    1.00    0.00    0.52    0.48
  09:48:57      +0.0      -7.4      -8.9      -8.1   2326    1.00    0.00    0.52    0.48
  09:48:58      +0.0      -4.7      -8.1      -6.3   2396    1.00    0.00    0.53    0.47
------------------------------------------------------------------------------------------
  SALIENDO DE MODO CURVA  — guardando últimas líneas
  09:48:58      +0.0      -3.4      -6.3      -4.8   2456    1.00    0.00    0.53    0.47
  09:48:58      +0.0      -3.4      -3.1      -3.3   2514    0.62    0.00    0.54    0.46
  09:48:58      +0.0      -4.0      -2.1      -3.2   2519    0.43    0.00    0.55    0.45
  09:48:58      +0.0      -4.8      -2.0      -3.6   2501    0.41    0.00    0.57    0.43
  09:48:59      +0.0      -2.4      -2.4      -2.4   2550    0.47    0.00    0.55    0.45
  09:48:59      +0.0      -1.1      -1.5      -1.3   2591    0.31    0.00    0.56    0.44
  09:48:59      +0.0      -1.5      -0.9      -1.2   2595    0.17    0.00    0.58    0.42
  09:48:59      +0.0      +0.2      -0.8      -0.2   2633    0.16    0.00    0.58    0.42
  09:48:59      +0.0      +0.4      -0.1      +0.2   2647    0.03    0.00    0.60    0.40
  09:49:00      +0.0      -0.1      +0.1      -0.0   2641    0.03    0.00    0.60    0.40
==========================================================================================


==========================================================================================
  ENTRANDO EN MODO CURVA  —  fused=-5.2°  threshold=5.0°
==========================================================================================
 timestamp     slide     slope      prev     fused    PWM   curva   w_sld   w_slp   w_prv
------------------------------------------------------------------------------------------
  09:49:03      -6.8      -4.9      -1.1      -5.2   2440    0.22    0.50    0.33    0.17
  09:49:03      -7.0      -5.1      -5.2      -5.6   2425    1.00    0.23    0.40    0.37
  09:49:03     -17.7      -5.3      -5.6      -6.9   2372    1.00    0.12    0.46    0.42
  09:49:03     -18.3      -5.1      -6.9      -7.5   2351    1.00    0.12    0.46    0.42
  09:49:03     -18.1      -4.9      -7.5      -7.9   2335    1.00    0.15    0.45    0.40
  09:49:04     -19.7      -4.9      -7.9      -8.3   2318    1.00    0.15    0.45    0.40
  09:49:04     -20.2      -4.7      -8.3      -8.5   2312    1.00    0.15    0.45    0.40
  09:49:04     -21.1      -4.6      -8.5      -8.6   2307    1.00    0.15    0.45    0.40
  09:49:04     -21.7      -4.8      -8.6      -8.9   2297    1.00    0.15    0.45    0.40
  09:49:05     -21.6      -6.4      -8.9      -9.7   2265    1.00    0.15    0.45    0.40
  09:49:05     -19.9      -8.8      -9.7     -10.5   2232    1.00    0.12    0.46    0.42
  09:49:05     -22.5     -10.8     -10.5     -12.1   2170    1.00    0.12    0.46    0.42
  09:49:05     -21.4     -10.8     -12.1     -12.6   2150    1.00    0.12    0.46    0.42
  09:49:05     -24.2     -11.5     -12.6     -13.5   2116    1.00    0.12    0.46    0.42
  09:49:06     -23.4     -11.1     -13.5     -13.9   2101    1.00    0.15    0.45    0.40
  09:49:06      +0.0     -11.1     -13.9     -12.4   2159    1.00    0.00    0.53    0.47
  09:49:06      +0.0      -9.8     -12.4     -11.0   2212    1.00    0.00    0.53    0.47
  09:49:06      +0.0     -10.7     -11.0     -10.8   2220    1.00    0.00    0.52    0.48
  09:49:06      +0.0     -12.7     -10.8     -11.8   2181    1.00    0.00    0.52    0.48
  09:49:07      +0.0     -12.2     -11.8     -12.0   2173    1.00    0.00    0.52    0.48
  09:49:07      +0.0     -12.5     -12.0     -12.3   2164    1.00    0.00    0.52    0.48
  09:49:07      +0.0     -11.0     -12.3     -11.6   2189    1.00    0.00    0.52    0.48
  09:49:07      +0.0     -10.4     -11.6     -11.0   2215    1.00    0.00    0.52    0.48
  09:49:08      +0.0     -10.0     -11.0     -10.5   2235    1.00    0.00    0.52    0.48
  09:49:08      +0.0      -9.9     -10.5     -10.2   2245    1.00    0.00    0.52    0.48
  09:49:08      +0.0     -11.3     -10.2     -10.8   2223    1.00    0.00    0.52    0.48
  09:49:08      +0.0     -12.2     -10.8     -11.5   2193    1.00    0.00    0.52    0.48
  09:49:08      +0.0     -13.4     -11.5     -12.5   2154    1.00    0.00    0.52    0.48
  09:49:09     -24.9     -14.2     -12.5     -14.8   2067    1.00    0.12    0.46    0.42
  09:49:09     -23.2     -14.6     -14.8     -15.7   2031    1.00    0.12    0.46    0.42
  09:49:09     -24.4     -14.8     -15.7     -16.3   2007    1.00    0.12    0.46    0.42
  09:49:09     -23.6     -14.1     -16.3     -16.4   2002    1.00    0.15    0.45    0.40
  09:49:09      +0.0     -14.3     -16.4     -15.3   2047    1.00    0.00    0.53    0.47
  09:49:10      +0.0     -13.2     -15.3     -14.2   2089    1.00    0.00    0.53    0.47
  09:49:10      +0.0     -13.5     -14.2     -13.8   2104    1.00    0.00    0.52    0.48
  09:49:10      +0.0     -12.6     -13.8     -13.2   2128    1.00    0.00    0.52    0.48
  09:49:10      +0.0     -12.4     -13.2     -12.8   2145    1.00    0.00    0.52    0.48
  09:49:11      +0.0     -12.5     -12.8     -12.6   2151    1.00    0.00    0.52    0.48
  09:49:11      +0.0     -11.2     -12.6     -11.9   2180    1.00    0.00    0.52    0.48
  09:49:11      +0.0     -11.0     -11.9     -11.4   2198    1.00    0.00    0.52    0.48
  09:49:11      +0.0     -11.3     -11.4     -11.3   2201    1.00    0.00    0.52    0.48
  09:49:11      +0.0     -11.2     -11.3     -11.2   2204    1.00    0.00    0.52    0.48
  09:49:12      +0.0     -11.6     -11.2     -11.4   2196    1.00    0.00    0.52    0.48
  09:49:12      +0.0     -11.0     -11.4     -11.2   2205    1.00    0.00    0.52    0.48
  09:49:12      +0.0     -10.4     -11.2     -10.8   2223    1.00    0.00    0.52    0.48
  09:49:12      +0.0      -9.1     -10.8      -9.9   2256    1.00    0.00    0.52    0.48
  09:49:12      +0.0      -8.3      -9.9      -9.1   2289    1.00    0.00    0.52    0.48
  09:49:13      +0.0      -7.7      -9.1      -8.4   2316    1.00    0.00    0.52    0.48
  09:49:13      +0.0      -9.9      -8.4      -9.2   2285    1.00    0.00    0.52    0.48
  09:49:13      +0.0     -10.0      -9.2      -9.6   2269    1.00    0.00    0.52    0.48
  09:49:13      +0.0     -12.7      -9.6     -11.2   2204    1.00    0.00    0.53    0.47
  09:49:14      +0.0     -11.1     -11.2     -11.1   2208    1.00    0.00    0.52    0.48
  09:49:14      +0.0      -9.9     -11.1     -10.5   2234    1.00    0.00    0.52    0.48
  09:49:14     +22.3      -8.5     -10.5      -5.6   2423    1.00    0.12    0.46    0.42
  09:49:14      +0.0      -6.6      -5.6      -6.1   2404    1.00    0.00    0.52    0.48
  09:49:15      +0.0      -5.3      -6.1      -5.7   2419    1.00    0.00    0.52    0.48
  09:49:15      +0.0      -6.4      -5.7      -6.1   2405    1.00    0.00    0.52    0.48
  09:49:15      +0.0      -6.0      -6.1      -6.1   2406    1.00    0.00    0.52    0.48
  09:49:15      +0.0      -5.5      -6.1      -5.8   2418    1.00    0.00    0.52    0.48
  09:49:15      +0.0      -5.6      -5.8      -5.7   2420    1.00    0.00    0.52    0.48
  09:49:15      +0.0      -7.0      -5.7      -6.4   2394    1.00    0.00    0.52    0.48
  09:49:16      +0.0     -25.0      -6.4     -16.2   2010    1.00    0.00    0.53    0.47
  09:49:16      +0.0     -25.0     -16.2     -20.9   1829    1.00    0.00    0.53    0.47
  09:49:16      +0.0     -25.0     -20.9     -23.1   1744    1.00    0.00    0.53    0.47
  09:49:16      +0.0     -25.0     -23.1     -24.1   1704    1.00    0.00    0.52    0.48
  09:49:17      +0.0     -25.0     -24.1     -24.6   1686    1.00    0.00    0.52    0.48
  09:49:17      +0.0     -25.0     -24.6     -24.8   1677    1.00    0.00    0.52    0.48
  09:49:17      +0.0     -25.0     -24.8     -24.9   1672    1.00    0.00    0.52    0.48
  09:49:17      +0.0     -25.0     -24.9     -25.0   1670    1.00    0.00    0.52    0.48
  09:49:17      +0.0     -25.0     -25.0     -25.0   1669    1.00    0.00    0.52    0.48
  09:49:18      +0.0     -25.0     -25.0     -25.0   1669    1.00    0.00    0.52    0.48
  09:49:18      +0.0     -25.0     -25.0     -25.0   1669    1.00    0.00    0.52    0.48
  09:49:18      +0.0     -25.0     -25.0     -25.0   1669    1.00    0.00    0.52    0.48
  09:49:18      +0.0      -8.0     -25.0     -16.0   2019    1.00    0.00    0.53    0.47
  09:49:18      +0.0      -6.6     -16.0     -11.0   2212    1.00    0.00    0.53    0.47
  09:49:19      -5.0      -5.4     -11.0      -7.1   2364    1.00    0.22    0.46    0.32
  09:49:19      -1.2      -5.0      -7.1      -5.3   2436    1.00    0.15    0.45    0.40
------------------------------------------------------------------------------------------
  SALIENDO DE MODO CURVA  — guardando últimas líneas
  09:49:19      -1.4      -4.6      -5.3      -4.5   2466    1.00    0.12    0.46    0.42
  09:49:19      -1.6      -3.9      -2.9      -2.8   2531    0.59    0.31    0.33    0.36
  09:49:20      +1.3      -3.6      -1.8      -1.4   2588    0.37    0.35    0.36    0.29
  09:49:20      +0.0      -4.2      -0.9      -2.9   2530    0.18    0.00    0.59    0.41
  09:49:20      +0.0      -4.5      -1.9      -3.4   2509    0.37    0.00    0.57    0.43

==========================================================================================
  ENTRANDO EN MODO CURVA  —  fused=-8.3°  threshold=5.0°
==========================================================================================
 timestamp     slide     slope      prev     fused    PWM   curva   w_sld   w_slp   w_prv
------------------------------------------------------------------------------------------
  09:49:20     -15.6      -4.3      -2.2      -8.3   2318    0.44    0.40    0.34    0.26
  09:49:20     -16.1      -4.0      -8.3      -7.5   2349    1.00    0.15    0.45    0.40
  09:49:21     -16.2      -3.8      -7.5      -7.2   2363    1.00    0.15    0.45    0.40
  09:49:21     -16.7      -3.7      -7.2      -7.0   2367    1.00    0.15    0.45    0.40
  09:49:21     -16.5      -3.5      -7.0      -6.9   2374    1.00    0.15    0.45    0.40
  09:49:21     -16.8      -4.0      -6.9      -7.1   2366    1.00    0.15    0.45    0.40
  09:49:22     -17.9      -4.1      -7.1      -7.4   2355    1.00    0.15    0.45    0.40
  09:49:22     -18.3      -4.0      -7.4      -7.5   2350    1.00    0.15    0.45    0.40
  09:49:22     -19.4      -2.5      -7.5      -7.0   2368    1.00    0.15    0.45    0.40
  09:49:22     -20.3      -3.0      -7.0      -7.2   2361    1.00    0.15    0.45    0.40
  09:49:23     -20.6      -2.9      -7.2      -7.3   2358    1.00    0.15    0.45    0.40
  09:49:23     -20.1      -3.7      -7.3      -7.6   2346    1.00    0.15    0.45    0.40
  09:49:23     -21.7      -4.0      -7.6      -8.1   2326    1.00    0.15    0.45    0.40
  09:49:23     -21.2      -5.8      -8.1      -9.0   2290    1.00    0.15    0.45    0.40
  09:49:23     -21.4      -7.2      -9.0      -9.7   2264    1.00    0.12    0.46    0.42
  09:49:24     -22.8      -7.3      -9.7     -10.6   2229    1.00    0.15    0.45    0.40
  09:49:24     -21.3      -8.2     -10.6     -11.1   2208    1.00    0.15    0.45    0.40
  09:49:24     -22.4      -9.1     -11.1     -11.9   2179    1.00    0.15    0.45    0.40
  09:49:24     -21.2      -9.7     -11.9     -12.3   2163    1.00    0.15    0.45    0.40
  09:49:25     -23.5     -10.4     -12.3     -12.8   2145    1.00    0.12    0.46    0.42
  09:49:25     -28.2     -11.2     -12.8     -13.9   2101    1.00    0.12    0.46    0.42
  09:49:25      +0.0     -10.6     -13.9     -12.2   2168    1.00    0.00    0.53    0.47
  09:49:25      +0.0     -10.3     -12.2     -11.2   2205    1.00    0.00    0.52    0.48
  09:49:25      +0.0     -11.2     -11.2     -11.2   2206    1.00    0.00    0.52    0.48
  09:49:26      +0.0     -10.6     -11.2     -10.9   2219    1.00    0.00    0.52    0.48
  09:49:26      +0.0     -10.5     -10.9     -10.7   2225    1.00    0.00    0.52    0.48
  09:49:26      +0.0     -11.8     -10.7     -11.3   2202    1.00    0.00    0.52    0.48
  09:49:26      +0.0      -8.3     -11.3      -9.7   2264    1.00    0.00    0.53    0.47
  09:49:26      +0.0     -10.4      -9.7     -10.1   2249    1.00    0.00    0.52    0.48
  09:49:27      +0.0     -10.1     -10.1     -10.1   2249    1.00    0.00    0.52    0.48
  09:49:27      +0.0      -7.2     -10.1      -8.5   2309    1.00    0.00    0.53    0.47
  09:49:27      +0.0      -7.8      -8.5      -8.2   2324    1.00    0.00    0.52    0.48
  09:49:27      +0.0      -8.1      -8.2      -8.1   2325    1.00    0.00    0.52    0.48
  09:49:28      +0.0      -8.9      -8.1      -8.5   2310    1.00    0.00    0.52    0.48
  09:49:28      +0.0     -10.3      -8.5      -9.4   2274    1.00    0.00    0.52    0.48
  09:49:28      +0.0     -12.0      -9.4     -10.8   2221    1.00    0.00    0.53    0.47
  09:49:28      +0.0     -10.5     -10.8     -10.7   2227    1.00    0.00    0.52    0.48
  09:49:28      +0.0     -10.8     -10.7     -10.7   2224    1.00    0.00    0.52    0.48
  09:49:29     +22.2     -10.7     -10.7      -6.7   2379    1.00    0.12    0.46    0.42
  09:49:29      +0.0      -9.8      -6.7      -8.3   2317    1.00    0.00    0.53    0.47
  09:49:29      +0.0      -9.8      -8.3      -9.1   2288    1.00    0.00    0.52    0.48
  09:49:29      +0.0     -10.8      -9.1     -10.0   2252    1.00    0.00    0.52    0.48
  09:49:30     -27.1     -12.3     -10.0     -13.6   2113    1.00    0.15    0.45    0.40
  09:49:30      +0.0     -12.2     -13.6     -12.8   2142    1.00    0.00    0.52    0.48
  09:49:30      +0.0     -12.0     -12.8     -12.4   2158    1.00    0.00    0.52    0.48
  09:49:30     +20.5     -11.8     -12.4      -8.2   2324    1.00    0.12    0.46    0.42
  09:49:30      +0.0     -11.6      -8.2     -10.0   2253    1.00    0.00    0.53    0.47
  09:49:31      +0.0     -11.0     -10.0     -10.5   2231    1.00    0.00    0.52    0.48
  09:49:31      +0.0     -10.4     -10.5     -10.5   2234    1.00    0.00    0.52    0.48
  09:49:31      +0.0      -8.9     -10.5      -9.6   2266    1.00    0.00    0.52    0.48
  09:49:31      +0.0     -12.3      -9.6     -11.1   2211    1.00    0.00    0.53    0.47
  09:49:32      +0.0      -8.4     -11.1      -9.7   2265    1.00    0.00    0.53    0.47
  09:49:32      +0.0      -8.9      -9.7      -9.3   2281    1.00    0.00    0.52    0.48
  09:49:32      +0.0      -9.6      -9.3      -9.5   2273    1.00    0.00    0.52    0.48
  09:49:32      +0.0      -8.1      -9.5      -8.7   2301    1.00    0.00    0.52    0.48
  09:49:32      +0.0      -7.5      -8.7      -8.1   2326    1.00    0.00    0.52    0.48
  09:49:33      +0.0      -6.2      -8.1      -7.1   2365    1.00    0.00    0.52    0.48
------------------------------------------------------------------------------------------
  SALIENDO DE MODO CURVA  — guardando últimas líneas
  09:49:33      +0.0     +13.4      -7.1      +3.8   2737    1.00    0.00    0.53    0.47

==========================================================================================
  ENTRANDO EN MODO CURVA  —  fused=+14.3°  threshold=5.0°
==========================================================================================
 timestamp     slide     slope      prev     fused    PWM   curva   w_sld   w_slp   w_prv
------------------------------------------------------------------------------------------
  09:49:33      +0.0     +23.5      +2.5     +14.3   3004    0.49    0.00    0.56    0.44
  09:49:33      +0.0      +1.8     +14.3      +7.6   2835    1.00    0.00    0.53    0.47
------------------------------------------------------------------------------------------
  SALIENDO DE MODO CURVA  — guardando últimas líneas
  09:49:33      +0.0      -5.4      +7.6      +0.7   2660    1.00    0.00    0.53    0.47
  09:49:34      +0.0      -7.3      +0.5      -4.2   2476    0.10    0.00    0.61    0.39

==========================================================================================
  ENTRANDO EN MODO CURVA  —  fused=-5.6°  threshold=5.0°
==========================================================================================
 timestamp     slide     slope      prev     fused    PWM   curva   w_sld   w_slp   w_prv
------------------------------------------------------------------------------------------
  09:49:34      +0.0      -7.8      -2.8      -5.6   2425    0.55    0.00    0.56    0.44
  09:49:34      +0.0      -5.1      -5.6      -5.3   2434    1.00    0.00    0.52    0.48
  09:49:34      +0.0      -8.3      -5.3      -6.9   2372    1.00    0.00    0.53    0.47
  09:49:34      +0.0     -10.1      -6.9      -8.6   2307    1.00    0.00    0.53    0.47
  09:49:35      +0.0     -10.6      -8.6      -9.7   2265    1.00    0.00    0.53    0.47
  09:49:35      +0.0      -8.9      -9.7      -9.2   2282    1.00    0.00    0.52    0.48
  09:49:35      +0.0     -11.4      -9.2     -10.4   2237    1.00    0.00    0.53    0.47
  09:49:35      +0.0     -10.7     -10.4     -10.5   2231    1.00    0.00    0.52    0.48
  09:49:36      +0.0     -10.1     -10.5     -10.3   2239    1.00    0.00    0.52    0.48
  09:49:36      +0.0      -9.0     -10.3      -9.6   2267    1.00    0.00    0.52    0.48
  09:49:36      +0.0      -7.8      -9.6      -8.7   2303    1.00    0.00    0.52    0.48
  09:49:36      +0.0      -8.0      -8.7      -8.3   2317    1.00    0.00    0.52    0.48
  09:49:36      +0.0      -8.4      -8.3      -8.4   2316    1.00    0.00    0.52    0.48
  09:49:37      +0.0      -8.1      -8.4      -8.2   2322    1.00    0.00    0.52    0.48
  09:49:37      +0.0      -7.2      -8.2      -7.7   2344    1.00    0.00    0.52    0.48
  09:49:37      +0.0      -8.1      -7.7      -7.9   2334    1.00    0.00    0.52    0.48
  09:49:37      +0.0      -8.5      -7.9      -8.2   2322    1.00    0.00    0.52    0.48
  09:49:38      +0.0      -7.9      -8.2      -8.1   2328    1.00    0.00    0.52    0.48
------------------------------------------------------------------------------------------
  SALIENDO DE MODO CURVA  — guardando últimas líneas
  09:49:38     +41.7      -1.3      -8.1      +2.4   2703    1.00    0.15    0.45    0.40
  09:49:38      +0.0      +4.1      +1.6      +3.0   2719    0.32    0.00    0.58    0.42
  09:49:38      +0.0      -8.6      +2.0      -4.0   2484    0.40    0.00    0.57    0.43
  09:49:38      +0.0      -5.3      -2.6      -4.1   2480    0.53    0.00    0.56    0.44
  09:49:39      +0.0      -5.9      -2.7      -4.5   2467    0.54    0.00    0.56    0.44
  09:49:39      +0.0      -5.2      -2.9      -4.2   2480    0.58    0.00    0.55    0.45
  09:49:39      +0.0      -4.1      -2.7      -3.5   2507    0.54    0.00    0.55    0.45
  09:49:39      +0.0      -3.9      -2.3      -3.2   2517    0.45    0.00    0.55    0.45
  09:49:39      +0.0      -3.9      -2.1      -3.1   2521    0.41    0.00    0.55    0.45
  09:49:40      +0.0      -3.5      -2.0      -2.8   2531    0.40    0.00    0.56    0.44
==========================================================================================


==========================================================================================
  ENTRANDO EN MODO CURVA  —  fused=-6.7°  threshold=5.0°
==========================================================================================
 timestamp     slide     slope      prev     fused    PWM   curva   w_sld   w_slp   w_prv
------------------------------------------------------------------------------------------
  09:49:42      +0.0     -10.4      -1.8      -6.7   2380    0.36    0.00    0.57    0.43
  09:49:42      +0.0      -4.5      -6.7      -5.5   2427    1.00    0.00    0.53    0.47
  09:49:42      +0.0      -4.6      -5.5      -5.0   2445    1.00    0.00    0.52    0.48
  09:49:43      +0.0      -5.3      -5.0      -5.2   2440    1.00    0.00    0.52    0.48
------------------------------------------------------------------------------------------
  SALIENDO DE MODO CURVA  — guardando últimas líneas
  09:49:43      +0.0      -4.2      -5.2      -4.7   2459    1.00    0.00    0.52    0.48
  09:49:43      +0.0      -6.1      -3.0      -4.7   2457    0.61    0.00    0.55    0.45
  09:49:43      +0.0      -6.5      -3.1      -5.0   2448    0.62    0.00    0.55    0.45

==========================================================================================
  ENTRANDO EN MODO CURVA  —  fused=-5.8°  threshold=5.0°
==========================================================================================
 timestamp     slide     slope      prev     fused    PWM   curva   w_sld   w_slp   w_prv
------------------------------------------------------------------------------------------
  09:49:44      +0.0      -8.0      -3.2      -5.8   2414    0.65    0.00    0.55    0.45
  09:49:44      +0.0      -8.3      -5.8      -7.1   2364    1.00    0.00    0.53    0.47
  09:49:44      +0.0      -8.4      -7.1      -7.8   2338    1.00    0.00    0.52    0.48
  09:49:44      +0.0      -7.7      -7.8      -7.7   2340    1.00    0.00    0.52    0.48
  09:49:44      +0.0      -6.8      -7.7      -7.2   2360    1.00    0.00    0.52    0.48
  09:49:45      +0.0     -10.9      -7.2      -9.2   2285    1.00    0.00    0.53    0.47
  09:49:45      +0.0      -7.8      -9.2      -8.4   2313    1.00    0.00    0.52    0.48
  09:49:45      +0.0     -10.3      -8.4      -9.4   2275    1.00    0.00    0.52    0.48
  09:49:45      +0.0     -11.0      -9.4     -10.2   2243    1.00    0.00    0.52    0.48
  09:49:45      +0.0      -9.2     -10.2      -9.7   2264    1.00    0.00    0.52    0.48
  09:49:46     -21.6     -11.6      -9.7     -12.0   2175    1.00    0.12    0.46    0.42
  09:49:46      +0.0      -9.4     -12.0     -10.6   2229    1.00    0.00    0.53    0.47
  09:49:46      +0.0     -11.1     -10.6     -10.9   2219    1.00    0.00    0.52    0.48
  09:49:46      +0.0     -10.5     -10.9     -10.7   2226    1.00    0.00    0.52    0.48
  09:49:47      +0.0      -9.9     -10.7     -10.3   2241    1.00    0.00    0.52    0.48
  09:49:47      +0.0      -9.0     -10.3      -9.6   2267    1.00    0.00    0.52    0.48
  09:49:47      +0.0      -9.7      -9.6      -9.7   2265    1.00    0.00    0.52    0.48
  09:49:47      +0.0      -9.8      -9.7      -9.8   2262    1.00    0.00    0.52    0.48
  09:49:47      +0.0     -10.6      -9.8     -10.2   2244    1.00    0.00    0.52    0.48
  09:49:48      +0.0      -9.0     -10.2      -9.6   2268    1.00    0.00    0.52    0.48
  09:49:48      +0.0      -8.5      -9.6      -9.0   2290    1.00    0.00    0.52    0.48
  09:49:48      +0.0      -7.6      -9.0      -8.3   2318    1.00    0.00    0.52    0.48
  09:49:48      +0.0      -7.1      -8.3      -7.7   2343    1.00    0.00    0.52    0.48
  09:49:48      +0.0      -7.2      -7.7      -7.4   2353    1.00    0.00    0.52    0.48
  09:49:49      +0.0      -8.3      -7.4      -7.9   2334    1.00    0.00    0.52    0.48
  09:49:49      +0.0      -8.3      -7.9      -8.1   2326    1.00    0.00    0.52    0.48
  09:49:49      +0.0      -6.9      -8.1      -7.5   2351    1.00    0.00    0.52    0.48
  09:49:49      +0.0      -6.5      -7.5      -6.9   2371    1.00    0.00    0.52    0.48
  09:49:49      +0.0      -6.1      -6.9      -6.5   2389    1.00    0.00    0.52    0.48
  09:49:50      +0.0      -5.9      -6.5      -6.2   2402    1.00    0.00    0.52    0.48
  09:49:50      +0.0      -6.7      -6.2      -6.4   2391    1.00    0.00    0.52    0.48
  09:49:50      +0.0      -6.3      -6.4      -6.4   2394    1.00    0.00    0.52    0.48
  09:49:50      +0.0      -7.7      -6.4      -7.1   2367    1.00    0.00    0.52    0.48
  09:49:51      +0.0      -6.0      -7.1      -6.5   2388    1.00    0.00    0.52    0.48
  09:49:51      +0.0     -10.1      -6.5      -8.4   2314    1.00    0.00    0.53    0.47
  09:49:51      +0.0      -9.5      -8.4      -9.0   2291    1.00    0.00    0.52    0.48
  09:49:51      +0.0      -9.6      -9.0      -9.3   2279    1.00    0.00    0.52    0.48
  09:49:51      +0.0      -9.6      -9.3      -9.5   2274    1.00    0.00    0.52    0.48
  09:49:52      +0.0      -9.4      -9.5      -9.4   2274    1.00    0.00    0.52    0.48
  09:49:52      +0.0     -10.3      -9.4      -9.9   2256    1.00    0.00    0.52    0.48
  09:49:52      +0.0      -8.6      -9.9      -9.2   2283    1.00    0.00    0.52    0.48
  09:49:52      +0.0      -7.2      -9.2      -8.2   2323    1.00    0.00    0.52    0.48
  09:49:53      +0.0      -8.4      -8.2      -8.3   2319    1.00    0.00    0.52    0.48
  09:49:53      +0.0     -10.0      -8.3      -9.2   2284    1.00    0.00    0.52    0.48
  09:49:53      +0.0     -11.2      -9.2     -10.2   2243    1.00    0.00    0.53    0.47
  09:49:53      +0.0     -11.4     -10.2     -10.9   2218    1.00    0.00    0.52    0.48
  09:49:53      +0.0     -11.6     -10.9     -11.3   2204    1.00    0.00    0.52    0.48
  09:49:54      +0.0     -12.2     -11.3     -11.7   2185    1.00    0.00    0.52    0.48
  09:49:54      +0.0     -11.5     -11.7     -11.6   2190    1.00    0.00    0.52    0.48
  09:49:54      +0.0     -11.1     -11.6     -11.3   2201    1.00    0.00    0.52    0.48
  09:49:54      +0.0     -10.3     -11.3     -10.8   2221    1.00    0.00    0.52    0.48
  09:49:55      +0.0     -10.1     -10.8     -10.4   2235    1.00    0.00    0.52    0.48
  09:49:55      +0.0      -8.9     -10.4      -9.7   2266    1.00    0.00    0.52    0.48
  09:49:55      +0.0     -10.2      -9.7      -9.9   2255    1.00    0.00    0.52    0.48
  09:49:55      +0.0     -11.1      -9.9     -10.6   2231    1.00    0.00    0.52    0.48
  09:49:55      +0.0     -11.7     -10.6     -11.2   2207    1.00    0.00    0.52    0.48
  09:49:56      +0.0     -12.7     -11.2     -12.0   2176    1.00    0.00    0.52    0.48
  09:49:56     -16.1     -13.2     -12.0     -13.0   2135    1.00    0.12    0.46    0.42
  09:49:56     -13.6     -12.5     -13.0     -13.0   2137    1.00    0.23    0.40    0.37
  09:49:56      +0.0     -12.7     -13.0     -12.8   2143    1.00    0.00    0.52    0.48
  09:49:57      +0.0     -12.6     -12.8     -12.7   2148    1.00    0.00    0.52    0.48
  09:49:57      +0.0     -12.1     -12.7     -12.4   2161    1.00    0.00    0.52    0.48
  09:49:57      +0.0     -11.5     -12.4     -11.9   2179    1.00    0.00    0.52    0.48
  09:49:57      +0.0     -10.8     -11.9     -11.3   2200    1.00    0.00    0.52    0.48
  09:49:57      +0.0      -9.5     -11.3     -10.4   2238    1.00    0.00    0.52    0.48
  09:49:58      +0.0      -8.3     -10.4      -9.3   2281    1.00    0.00    0.53    0.47
  09:49:58      +0.0      -7.7      -9.3      -8.4   2313    1.00    0.00    0.52    0.48
  09:49:58      +0.0      -8.5      -8.4      -8.5   2311    1.00    0.00    0.52    0.48
  09:49:58      +0.0      -7.5      -8.5      -8.0   2332    1.00    0.00    0.52    0.48
  09:49:58      +0.0      -7.6      -8.0      -7.7   2340    1.00    0.00    0.52    0.48
  09:49:59      +0.0      -9.5      -7.7      -8.7   2304    1.00    0.00    0.52    0.48
  09:49:59      +0.0      -8.3      -8.7      -8.5   2311    1.00    0.00    0.52    0.48
  09:49:59      +0.0      -6.9      -8.5      -7.6   2344    1.00    0.00    0.52    0.48
  09:49:59      +0.0      -6.5      -7.6      -7.1   2367    1.00    0.00    0.52    0.48
  09:50:00      +0.0      -4.9      -7.1      -5.9   2411    1.00    0.00    0.53    0.47
------------------------------------------------------------------------------------------
  SALIENDO DE MODO CURVA  — guardando últimas líneas
  09:50:00      +0.0      -3.4      -5.9      -4.6   2464    1.00    0.00    0.53    0.47
  09:50:00      +0.0      -1.5      -3.0      -2.2   2557    0.59    0.00    0.54    0.46
  09:50:00      +0.0      -1.9      -1.4      -1.7   2575    0.28    0.00    0.57    0.43
  09:50:00      +0.0      -2.3      -1.1      -1.8   2571    0.22    0.00    0.57    0.43
  09:50:01      +0.0      -1.8      -1.2      -1.5   2582    0.24    0.00    0.57    0.43
  09:50:01      +0.0      -1.7      -1.0      -1.4   2586    0.20    0.00    0.57    0.43
  09:50:01      +0.0      -1.7      -0.9      -1.4   2587    0.18    0.00    0.58    0.42
  09:50:01      -5.9      -1.6      -0.9      -3.2   2516    0.18    0.42    0.33    0.25
  09:50:02      +4.2      -1.8      -2.1      +0.1   2644    0.42    0.33    0.37    0.30
  09:50:02      +6.7      -1.6      +0.1      +0.1   2644    1.00    0.12    0.46    0.42
==========================================================================================


==========================================================================================
  ENTRANDO EN MODO CURVA  —  fused=-15.1°  threshold=5.0°
==========================================================================================
 timestamp     slide     slope      prev     fused    PWM   curva   w_sld   w_slp   w_prv
------------------------------------------------------------------------------------------
  09:50:04      +0.0     -25.0      -1.9     -15.1   2054    0.38    0.00    0.57    0.43
  09:50:04      +0.0     -25.0     -15.1     -20.3   1850    1.00    0.00    0.53    0.47
  09:50:04      +0.0     -25.0     -20.3     -22.8   1754    1.00    0.00    0.53    0.47
  09:50:04      +0.0     -25.0     -22.8     -24.0   1709    1.00    0.00    0.53    0.47
  09:50:04      +0.0     -25.0     -24.0     -24.5   1688    1.00    0.00    0.52    0.48
  09:50:05      +0.0     -25.0     -24.5     -24.8   1678    1.00    0.00    0.52    0.48
  09:50:05      +0.0     -25.0     -24.8     -24.9   1673    1.00    0.00    0.52    0.48
  09:50:05      +0.0     -25.0     -24.9     -24.9   1671    1.00    0.00    0.52    0.48
  09:50:05      +0.0     -25.0     -24.9     -25.0   1669    1.00    0.00    0.52    0.48
  09:50:05      +0.0     -25.0     -25.0     -25.0   1669    1.00    0.00    0.52    0.48
  09:50:06      +0.0     -25.0     -25.0     -25.0   1669    1.00    0.00    0.52    0.48
  09:50:06      +0.0     -25.0     -25.0     -25.0   1669    1.00    0.00    0.52    0.48
  09:50:06      +0.0     -25.0     -25.0     -25.0   1669    1.00    0.00    0.52    0.48
  09:50:06      +0.0     -25.0     -25.0     -25.0   1669    1.00    0.00    0.52    0.48
  09:50:07      +0.0     -25.0     -25.0     -25.0   1669    1.00    0.00    0.52    0.48
  09:50:07      +0.0     -25.0     -25.0     -25.0   1669    1.00    0.00    0.52    0.48
  09:50:07      +0.0     -25.0     -25.0     -25.0   1669    1.00    0.00    0.52    0.48
  09:50:07      +0.0     -25.0     -25.0     -25.0   1669    1.00    0.00    0.52    0.48
  09:50:07      +0.0     -25.0     -25.0     -25.0   1669    1.00    0.00    0.52    0.48
  09:50:08      +0.0     -25.0     -25.0     -25.0   1669    1.00    0.00    0.52    0.48
  09:50:08      +0.0     -25.0     -25.0     -25.0   1669    1.00    0.00    0.52    0.48
  09:50:08      +0.0     -25.0     -25.0     -25.0   1669    1.00    0.00    0.52    0.48
  09:50:08      +0.0     -25.0     -25.0     -25.0   1669    1.00    0.00    0.52    0.48
  09:50:08      +0.0     -25.0     -25.0     -25.0   1669    1.00    0.00    0.52    0.48
  09:50:09      +0.0     -25.0     -25.0     -25.0   1669    1.00    0.00    0.52    0.48
  09:50:09      +0.0     -25.0     -25.0     -25.0   1669    1.00    0.00    0.52    0.48
  09:50:09      +0.0     -25.0     -25.0     -25.0   1669    1.00    0.00    0.52    0.48
  09:50:09      +0.0     -25.0     -25.0     -25.0   1669    1.00    0.00    0.52    0.48
  09:50:09      +0.0     -25.0     -25.0     -25.0   1669    1.00    0.00    0.52    0.48
  09:50:10      +0.0     -25.0     -25.0     -25.0   1669    1.00    0.00    0.52    0.48
  09:50:10      +0.0     -25.0     -25.0     -25.0   1669    1.00    0.00    0.52    0.48
  09:50:10      +0.0     -25.0     -25.0     -25.0   1669    1.00    0.00    0.52    0.48
  09:50:10      +0.0     -25.0     -25.0     -25.0   1669    1.00    0.00    0.52    0.48
  09:50:10      +0.0     -25.0     -25.0     -25.0   1669    1.00    0.00    0.52    0.48
  09:50:11      +0.0     -25.0     -25.0     -25.0   1669    1.00    0.00    0.52    0.48
  09:50:11      +0.0     -25.0     -25.0     -25.0   1669    1.00    0.00    0.52    0.48
  09:50:11      +0.0     -25.0     -25.0     -25.0   1669    1.00    0.00    0.52    0.48
  09:50:11      +0.0     -25.0     -25.0     -25.0   1669    1.00    0.00    0.52    0.48
  09:50:11      +0.0     -25.0     -25.0     -25.0   1669    1.00    0.00    0.52    0.48
  09:50:12      +0.0     -25.0     -25.0     -25.0   1669    1.00    0.00    0.52    0.48
  09:50:12      +0.0      -5.4     -25.0     -14.6   2073    1.00    0.00    0.53    0.47
  09:50:12      +0.0      -5.5     -14.6      -9.8   2262    1.00    0.00    0.53    0.47
  09:50:12      +0.0      -5.5      -9.8      -7.5   2349    1.00    0.00    0.53    0.47
  09:50:12      +0.0      -5.8      -7.5      -6.6   2385    1.00    0.00    0.52    0.48
  09:50:13      +0.0      -6.1      -6.6      -6.4   2394    1.00    0.00    0.52    0.48
  09:50:13      +0.0      -9.7      -6.4      -8.1   2325    1.00    0.00    0.53    0.47
  09:50:13      +0.0     -25.0      -8.1     -17.1   1978    1.00    0.00    0.53    0.47
  09:50:13      +0.0     -25.0     -17.1     -21.3   1814    1.00    0.00    0.53    0.47
  09:50:14      +0.0     -25.0     -21.3     -23.2   1737    1.00    0.00    0.53    0.47
  09:50:14      +0.0     -25.0     -23.2     -24.2   1701    1.00    0.00    0.52    0.48
  09:50:14      +0.0     -24.2     -24.2     -24.2   1700    1.00    0.00    0.52    0.48
  09:50:14      +0.0     -22.0     -24.2     -23.0   1746    1.00    0.00    0.53    0.47
  09:50:14      +0.0     -17.0     -23.0     -19.9   1869    1.00    0.00    0.53    0.47
  09:50:14      +0.0     -11.9     -19.9     -15.7   2032    1.00    0.00    0.53    0.47
  09:50:15      +0.0     -11.0     -15.7     -13.2   2128    1.00    0.00    0.53    0.47
  09:50:15      +0.0      +0.0     -13.2     -13.2   2642    0.00    0.00    0.00    1.00
  09:50:15      +0.0      +0.0     -13.2     -13.2   2642    0.00    0.00    0.00    1.00
  09:50:15      +0.0      -6.1     -13.2      -9.5   2273    1.00    0.00    0.53    0.47
  09:50:15      +0.0      -5.2      -9.5      -7.2   2361    1.00    0.00    0.53    0.47
  09:50:16      +0.0      -8.3      -7.2      -7.8   2339    1.00    0.00    0.52    0.48
  09:50:16      +0.0      -9.2      -7.8      -8.5   2310    1.00    0.00    0.52    0.48
  09:50:16      +0.0      -6.6      -8.5      -7.5   2349    1.00    0.00    0.52    0.48
------------------------------------------------------------------------------------------
  SALIENDO DE MODO CURVA  — guardando últimas líneas
  09:50:16      +0.0      -0.7      -7.5      -3.9   2489    1.00    0.00    0.53    0.47

==========================================================================================
  ENTRANDO EN MODO CURVA  —  fused=+6.1°  threshold=5.0°
==========================================================================================
 timestamp     slide     slope      prev     fused    PWM   curva   w_sld   w_slp   w_prv
------------------------------------------------------------------------------------------
  09:50:17      +0.0     +12.9      -2.6      +6.1   2796    0.51    0.00    0.56    0.44
  09:50:17      +0.0     +12.0      +6.1      +9.2   2876    1.00    0.00    0.53    0.47
  09:50:17      +0.0     +25.0      +9.2     +17.6   3087    1.00    0.00    0.53    0.47
  09:50:17      +0.0     +22.6     +17.6     +20.3   3155    1.00    0.00    0.53    0.47
  09:50:17      +0.0     +21.9     +20.3     +21.1   3177    1.00    0.00    0.52    0.48
  09:50:18      +0.0      +9.4     +21.1     +14.9   3019    1.00    0.00    0.53    0.47
  09:50:18      +0.0     +25.0     +14.9     +20.2   3155    1.00    0.00    0.53    0.47
  09:50:18      +0.0      +5.6     +20.2     +12.5   2959    1.00    0.00    0.53    0.47
  09:50:18      +0.0      +7.1     +12.5      +9.6   2885    1.00    0.00    0.53    0.47
  09:50:18      +0.0     +16.8      +9.6     +13.4   2982    1.00    0.00    0.53    0.47
  09:50:18      +0.0     +14.6     +13.4     +14.1   2998    1.00    0.00    0.52    0.48
  09:50:19      +0.0      +0.0     +14.1     +14.1   2642    0.00    0.00    0.00    1.00
  09:50:19      +0.0      +0.0     +14.1     +14.1   2642    0.00    0.00    0.00    1.00
  09:50:19      +0.0      +0.0     +14.1     +14.1   2642    0.00    0.00    0.00    1.00
  09:50:19      +0.0      +0.0     +14.1     +14.1   2642    0.00    0.00    0.00    1.00
  09:50:19      +0.0      +0.0     +14.1     +14.1   2642    0.00    0.00    0.00    1.00
  09:50:19      +0.0      +0.0     +14.1     +14.1   2642    0.00    0.00    0.00    1.00
  09:50:20      +0.0      +0.0     +14.1     +14.1   2642    0.00    0.00    0.00    1.00
  09:50:20      +0.0      +0.0     +14.1     +14.1   2642    0.00    0.00    0.00    1.00
  09:50:20      +0.0      +0.0     +14.1     +14.1   2642    0.00    0.00    0.00    1.00
  09:50:20      +0.0      +0.0     +14.1     +14.1   2642    0.00    0.00    0.00    1.00
  09:50:20      +0.0      +0.0     +14.1     +14.1   2642    0.00    0.00    0.00    1.00
  09:50:20      +0.0      +0.0     +14.1     +14.1   2642    0.00    0.00    0.00    1.00
  09:50:21      +0.0     +20.1     +14.1     +17.3   3080    1.00    0.00    0.53    0.47
  09:50:21      +0.0     +25.0     +17.3     +21.4   3183    1.00    0.00    0.53    0.47
  09:50:21      +0.0      +1.9     +21.4     +11.0   2922    1.00    0.00    0.53    0.47
  09:50:21     +26.8      +7.9     +11.0     +12.0   2945    1.00    0.15    0.45    0.40
  09:50:22     +22.4     +10.5     +12.0     +12.6   2960    1.00    0.12    0.46    0.42
  09:50:22      +0.0     +25.0     +12.6     +19.1   3127    1.00    0.00    0.53    0.47
  09:50:22      +0.0     +11.7     +19.1     +15.2   3027    1.00    0.00    0.53    0.47
  09:50:22     +17.2     +13.1     +15.2     +14.5   3010    1.00    0.15    0.45    0.40
  09:50:22     +16.0     +13.3     +14.5     +14.3   3005    1.00    0.18    0.39    0.43
  09:50:23     +16.2     +12.9     +14.3     +14.1   2999    1.00    0.18    0.39    0.43
  09:50:23     +17.4     +13.5     +14.1     +14.3   3003    1.00    0.12    0.46    0.42
  09:50:23     +19.3     +14.0     +14.3     +14.8   3016    1.00    0.12    0.46    0.42
  09:50:23     +22.6     +14.4     +14.8     +15.5   3036    1.00    0.12    0.46    0.42
  09:50:23      +0.0     +13.6     +15.5     +14.5   3009    1.00    0.00    0.52    0.48
  09:50:24     +28.1     +14.3     +14.5     +16.1   3049    1.00    0.12    0.46    0.42
  09:50:24     +27.4     +15.9     +16.1     +17.4   3082    1.00    0.12    0.46    0.42
  09:50:24     +28.8     +16.7     +17.4     +18.4   3109    1.00    0.12    0.46    0.42
  09:50:24      +0.0     +20.8     +18.4     +19.7   3141    1.00    0.00    0.53    0.47
  09:50:25     +29.8     +18.6     +19.7     +20.4   3159    1.00    0.12    0.46    0.42
  09:50:25     -38.0     +20.9     +20.4     +13.6   2986    1.00    0.12    0.46    0.42
  09:50:25     -30.4     +20.4     +13.6     +10.0   2896    1.00    0.15    0.45    0.40
  09:50:25     +32.0     +21.6     +10.0     +18.5   3112    1.00    0.15    0.45    0.40
  09:50:25     +31.7     +21.0     +18.5     +21.6   3190    1.00    0.15    0.45    0.40
  09:50:26     +34.4     +21.8     +21.6     +23.2   3231    1.00    0.12    0.46    0.42
  09:50:26     +35.8     +22.9     +23.2     +24.6   3265    1.00    0.12    0.46    0.42
  09:50:26      +0.0     +19.7     +24.6     +22.0   3200    1.00    0.00    0.53    0.47
  09:50:26      +0.0     +18.6     +22.0     +20.2   3154    1.00    0.00    0.53    0.47
  09:50:26      +0.0     +25.0     +20.2     +22.7   3218    1.00    0.00    0.53    0.47
  09:50:27      +0.0     +25.0     +22.7     +23.9   3249    1.00    0.00    0.53    0.47
  09:50:27      +0.0     +25.0     +23.9     +24.5   3263    1.00    0.00    0.52    0.48
  09:50:27      +0.0     +25.0     +24.5     +24.8   3269    1.00    0.00    0.52    0.48
  09:50:27      +0.0     +25.0     +24.8     +24.9   3273    1.00    0.00    0.52    0.48
  09:50:28      +0.0     +25.0     +24.9     +24.9   3274    1.00    0.00    0.52    0.48
  09:50:28      +0.0     +25.0     +24.9     +25.0   3275    1.00    0.00    0.52    0.48
  09:50:28      +0.0     +25.0     +25.0     +25.0   3275    1.00    0.00    0.52    0.48
  09:50:28      +0.0     +25.0     +25.0     +25.0   3275    1.00    0.00    0.52    0.48
  09:50:28      +0.0     +25.0     +25.0     +25.0   3275    1.00    0.00    0.52    0.48
  09:50:28      +0.0     +25.0     +25.0     +25.0   3275    1.00    0.00    0.52    0.48
  09:50:29      +0.0     +25.0     +25.0     +25.0   3275    1.00    0.00    0.52    0.48
  09:50:29      +0.0     +25.0     +25.0     +25.0   3275    1.00    0.00    0.52    0.48
  09:50:29      +0.0     +25.0     +25.0     +25.0   3275    1.00    0.00    0.52    0.48
  09:50:29      +0.0     +25.0     +25.0     +25.0   3275    1.00    0.00    0.52    0.48
  09:50:29      +0.0     +25.0     +25.0     +25.0   3275    1.00    0.00    0.52    0.48
  09:50:30      +0.0     +25.0     +25.0     +25.0   3275    1.00    0.00    0.52    0.48
  09:50:30      +0.0     +25.0     +25.0     +25.0   3275    1.00    0.00    0.52    0.48
  09:50:30      +0.0     +25.0     +25.0     +25.0   3275    1.00    0.00    0.52    0.48
  09:50:30      +0.0      +2.6     +25.0     +13.1   2974    1.00    0.00    0.53    0.47
  09:50:31      +0.0     +25.0     +13.1     +19.4   3134    1.00    0.00    0.53    0.47
  09:50:31      +0.0     +25.0     +19.4     +22.4   3209    1.00    0.00    0.53    0.47
  09:50:31      +0.0     +25.0     +22.4     +23.8   3244    1.00    0.00    0.53    0.47
  09:50:31      +0.0     +14.8     +23.8     +19.0   3124    1.00    0.00    0.53    0.47
  09:50:31      +0.0     +15.1     +19.0     +16.9   3071    1.00    0.00    0.53    0.47
  09:50:31      +0.0     +15.4     +16.9     +16.1   3050    1.00    0.00    0.52    0.48
  09:50:32      +0.0     +14.4     +16.1     +15.2   3028    1.00    0.00    0.52    0.48
  09:50:32      +0.0     +15.6     +15.2     +15.4   3032    1.00    0.00    0.52    0.48
  09:50:32      +0.0     +15.3     +15.4     +15.4   3032    1.00    0.00    0.52    0.48
  09:50:32      +0.0     +13.5     +15.4     +14.4   3007    1.00    0.00    0.52    0.48
  09:50:33      +0.0     +14.3     +14.4     +14.4   3006    1.00    0.00    0.52    0.48
  09:50:33      +0.0     +12.8     +14.4     +13.5   2984    1.00    0.00    0.52    0.48
  09:50:33      +0.0     +10.2     +13.5     +11.7   2939    1.00    0.00    0.53    0.47
  09:50:33      +0.0     +10.3     +11.7     +11.0   2919    1.00    0.00    0.52    0.48
  09:50:33      +0.0      +9.4     +11.0     +10.1   2898    1.00    0.00    0.52    0.48
  09:50:34      +0.0      +7.7     +10.1      +8.8   2866    1.00    0.00    0.53    0.47
  09:50:34      +0.0      +7.8      +8.8      +8.3   2852    1.00    0.00    0.52    0.48
  09:50:34      +0.0      +8.2      +8.3      +8.2   2850    1.00    0.00    0.52    0.48
------------------------------------------------------------------------------------------
  SALIENDO DE MODO CURVA  — guardando últimas líneas
  09:50:34     -17.3      +7.8      +8.2      +4.9   2766    1.00    0.12    0.46    0.42
  09:50:35      -8.4      +7.9      +3.2      +1.4   2676    0.64    0.31    0.38    0.31
  09:50:35      -3.6      +6.4      +0.9      +0.1   2645    0.18    0.52    0.29    0.19
  09:50:35      -1.6      +4.8      +0.1      +0.5   2654    0.31    0.47    0.25    0.28
  09:50:35      -1.5      +4.7      +0.3      +0.3   2648    0.07    0.56    0.21    0.23
  09:50:35      +0.3      +4.0      +0.2      +1.1   2669    0.03    0.57    0.21    0.22
  09:50:36      +0.9      +3.3      +0.7      +1.4   2676    0.14    0.53    0.22    0.25
  09:50:36      -0.7      +2.9      +0.9      +0.5   2655    0.18    0.52    0.23    0.25
  09:50:36      -3.9      +2.1      +0.3      -1.1   2600    0.07    0.46    0.31    0.23
  09:50:36      +0.7      +1.5      -0.7      +0.6   2658    0.14    0.53    0.27    0.21
==========================================================================================


==========================================================================================
  ENTRANDO EN MODO CURVA  —  fused=+5.5°  threshold=5.0°
==========================================================================================
 timestamp     slide     slope      prev     fused    PWM   curva   w_sld   w_slp   w_prv
------------------------------------------------------------------------------------------
  09:50:40     +17.1      -3.0      +3.0      +5.5   2781    0.59    0.33    0.37    0.30
------------------------------------------------------------------------------------------
  SALIENDO DE MODO CURVA  — guardando últimas líneas
  09:50:40     +18.3      -2.1      +5.5      +4.0   2743    1.00    0.15    0.45    0.40

==========================================================================================
  ENTRANDO EN MODO CURVA  —  fused=+7.6°  threshold=5.0°
==========================================================================================
 timestamp     slide     slope      prev     fused    PWM   curva   w_sld   w_slp   w_prv
------------------------------------------------------------------------------------------
  09:50:40     +20.0      -1.3      +2.6      +7.6   2834    0.52    0.37    0.35    0.28
  09:50:41     +21.6      -0.2      +7.6      +6.2   2798    1.00    0.15    0.45    0.40
  09:50:41     +23.0      +0.8      +6.2      +6.3   2801    1.00    0.15    0.45    0.40
  09:50:41     +24.4      +2.2      +6.3      +7.2   2824    1.00    0.15    0.45    0.40
  09:50:41     +24.7      +4.5      +7.2      +8.6   2860    1.00    0.15    0.45    0.40
  09:50:42     +24.3      +5.9      +8.6      +9.8   2889    1.00    0.15    0.45    0.40
  09:50:42     +24.1      +7.7      +9.8     +11.0   2920    1.00    0.15    0.45    0.40
  09:50:42     +25.6      +8.9     +11.0     +12.2   2952    1.00    0.15    0.45    0.40
  09:50:42     +27.0     +10.1     +12.2     +13.5   2984    1.00    0.15    0.45    0.40
  09:50:42     +29.3     +10.9     +13.5     +14.7   3014    1.00    0.15    0.45    0.40
  09:50:43     +30.4     +12.5     +14.7     +16.1   3049    1.00    0.15    0.45    0.40
  09:50:43     +30.7     +13.5     +16.1     +17.1   3075    1.00    0.15    0.45    0.40
  09:50:43     +31.3     +14.2     +17.1     +17.9   3096    1.00    0.15    0.45    0.40
  09:50:43     +32.0     +15.0     +17.9     +18.7   3116    1.00    0.15    0.45    0.40
  09:50:44     +30.0     +15.3     +18.7     +18.9   3120    1.00    0.15    0.45    0.40
  09:50:44      +0.0     +15.4     +18.9     +17.0   3073    1.00    0.00    0.53    0.47
  09:50:44     +32.9     +16.3     +17.0     +18.6   3113    1.00    0.12    0.46    0.42
  09:50:44     +32.8     +15.9     +18.6     +19.5   3136    1.00    0.15    0.45    0.40
  09:50:45      +0.0     +17.3     +19.5     +18.3   3107    1.00    0.00    0.53    0.47
  09:50:45      +0.0     +16.9     +18.3     +17.6   3087    1.00    0.00    0.52    0.48
  09:50:45      +0.0     +15.6     +17.6     +16.5   3061    1.00    0.00    0.52    0.48
  09:50:45      +0.0     +16.2     +16.5     +16.3   3056    1.00    0.00    0.52    0.48
  09:50:45      +0.0     +16.0     +16.3     +16.2   3052    1.00    0.00    0.52    0.48
  09:50:46      +0.0     +15.7     +16.2     +15.9   3045    1.00    0.00    0.52    0.48
  09:50:46      +0.0     +16.5     +15.9     +16.2   3053    1.00    0.00    0.52    0.48
  09:50:46      +0.0     +16.8     +16.2     +16.5   3061    1.00    0.00    0.52    0.48
  09:50:46     +31.3     +15.8     +16.5     +18.0   3098    1.00    0.12    0.46    0.42
  09:50:47     +27.7     +15.9     +18.0     +18.5   3111    1.00    0.15    0.45    0.40
